496900516
285562204
566793139
335669304
446450013
66727683
272464471
446450013
376275469
285562204
417525734
446450013
566793139
335669304
285562204
566793139
192532314
335669304
446450013
326920825
496900516
285562204
446450013
192532314
66727683
462625792
335669304
446450013
66727683
252609843
446450013
455636801
417525734
410505115
160856919
335669304
127801429
446450013
335669304
252609843
564859305
285562204
283754561
446450013
283754561
285562204
296874731
417525734
446450013
192532314
66727683
376275469
335669304
446450013
21094261
285562204
446450013
66727683
21094261
272464471
446450013
376275469
296874731
192532314
192532314
335669304
272464471
21094261
487435205
